e0 9.94375,25.56249,-6.04458
a0 0.18359,0.48193,0.91943
g0 -1.89024,0.73171,1.46341
e0 9.94663,25.55871,-6.01466
a0 0.18506,0.48926,0.91553
g0 -1.95122,0.73171,1.58537
e0 9.94995,25.55646,-5.98525
a0 0.17871,0.48438,0.91357
g0 -1.89024,0.91463,1.46341
e0 9.94812,25.55556,-5.95670
a0 0.18213,0.49414,0.91553
g0 -1.89024,0.85366,1.46341
e0 9.94444,25.55506,-5.92934
a0 0.18555,0.49707,0.91602
g0 -1.95122,0.91463,1.34146
e0 9.94399,25.55603,-5.90064
a0 0.17383,0.48242,0.91650
g0 -1.82927,0.85366,1.46341
e0 9.93979,25.55198,-5.87116
a0 0.18262,0.49756,0.91650
g0 -1.89024,0.79268,1.46341
e0 9.93949,25.55427,-5.84190
a0 0.18262,0.49170,0.92725
g0 -1.89024,0.85366,1.52439
e0 9.94232,25.55100,-5.81192
a0 0.18945,0.50049,0.89697
g0 -1.95122,0.85366,1.52439
e0 9.94552,25.55380,-5.78375
a0 0.18555,0.50391,0.91650
g0 -1.89024,0.79268,1.40244
e0 9.94408,25.55371,-5.75520
a0 0.18213,0.48438,0.90674
g0 -1.89024,0.85366,1.40244
e0 9.93948,25.55218,-5.72529
a0 0.18018,0.48145,0.90869
g0 -1.89024,0.73171,1.52439
e0 9.93847,25.55534,-5.69682
a0 0.18799,0.49219,0.89502
g0 -1.89024,0.91463,1.46341
e0 9.94045,25.55643,-5.66904
a0 0.19238,0.49121,0.91553
g0 -1.89024,0.85366,1.46341
e0 9.92487,25.57102,-5.67730
a0 0.16016,0.47021,0.89160
g0 -0.18293,-1.15854,-4.20732
e0 9.80092,25.75834,-5.99630
a0 0.19629,0.48145,0.89648
g0 8.35366,2.37805,-20.91463
e0 9.59536,26.07260,-6.41913
a0 0.29541,0.59033,0.89844
g0 7.86585,-5.36585,-21.34146
e0 9.61732,26.15267,-6.49276
a0 0.16602,0.49463,0.91406
g0 -1.76829,1.28049,1.09756
e0 9.61570,26.14955,-6.46233
a0 0.18115,0.50439,0.90039
g0 -1.76829,0.73171,1.46341
e0 9.61633,26.15751,-6.43522
a0 0.17871,0.49707,0.89941
g0 -1.89024,0.67073,1.46341
e0 9.61370,26.15828,-6.40792
a0 0.18066,0.50244,0.90723
g0 -1.95122,0.85366,1.34146
e0 9.61294,26.15430,-6.37933
a0 0.18799,0.50586,0.91504
g0 -1.89024,0.85366,1.34146
e0 9.61601,26.15797,-6.35037
a0 0.18018,0.49170,0.89600
g0 -1.82927,0.85366,1.46341
e0 9.61406,26.15759,-6.32150
a0 0.18359,0.49658,0.90430
g0 -1.82927,0.85366,1.46341
e0 9.61644,26.15903,-6.29348
a0 0.18408,0.49951,0.89160
g0 -1.89024,0.85366,1.46341
e0 9.62397,26.15956,-6.26352
a0 0.17822,0.49170,0.90869
g0 -1.89024,0.85366,1.40244
e0 9.62415,26.15307,-6.23294
a0 0.18164,0.49756,0.90332
g0 -1.89024,0.79268,1.52439
e0 9.62692,26.15423,-6.20381
a0 0.17529,0.49561,0.91260
g0 -1.76829,0.85366,1.46341
e0 9.62659,26.15309,-6.17473
a0 0.17529,0.50146,0.90967
g0 -1.89024,0.97561,1.46341
e0 9.62624,26.15273,-6.14545
a0 0.18799,0.49268,0.90869
g0 -2.01220,0.85366,1.46341
e0 9.62844,26.15234,-6.11681
a0 0.18359,0.50391,0.89209
g0 -1.89024,0.85366,1.40244
e0 9.63254,26.15066,-6.08798
a0 0.18652,0.51123,0.90234
g0 -1.89024,0.85366,1.40244
e0 9.63208,26.15383,-6.05902
a0 0.18213,0.49854,0.89209
g0 -1.95122,0.91463,1.46341
e0 9.63639,26.15997,-6.03131
a0 0.17969,0.49023,0.89893
g0 -1.82927,0.85366,1.40244
e0 9.63526,26.16129,-6.00263
a0 0.18115,0.50439,0.89893
g0 -1.82927,0.79268,1.52439
e0 9.63477,26.15764,-5.97184
a0 0.18115,0.49268,0.90039
g0 -1.76829,0.91463,1.52439
e0 9.63492,26.16075,-5.94384
a0 0.17725,0.49902,0.90967
g0 -1.95122,0.85366,1.40244
e0 9.63632,26.16143,-5.91434
a0 0.17725,0.50146,0.89355
g0 -1.89024,0.79268,1.52439
e0 9.63393,26.16467,-5.88577
a0 0.18262,0.50732,0.89063
g0 -1.95122,0.85366,1.46341
e0 9.63626,26.16281,-5.85635
a0 0.17871,0.49170,0.91260
g0 -1.82927,0.85366,1.46341
e0 9.63535,26.16063,-5.82682
a0 0.18262,0.50781,0.90527
g0 -1.70732,0.79268,1.46341
e0 9.63626,26.16456,-5.79700
a0 0.17969,0.50000,0.89600
g0 -1.70732,0.91463,1.52439
e0 9.63838,26.17064,-5.76853
a0 0.18457,0.49316,0.90967
g0 -1.70732,0.79268,1.46341
e0 9.64012,26.17297,-5.73991
a0 0.18066,0.49902,0.90479
g0 -1.76829,0.79268,1.46341
e0 9.64308,26.17565,-5.71087
a0 0.17578,0.49756,0.88916
g0 -1.89024,0.79268,1.46341
e0 9.64418,26.17701,-5.68187
a0 0.17236,0.49219,0.90283
g0 -1.82927,0.91463,1.46341
e0 9.64478,26.17058,-5.65167
a0 0.17383,0.50342,0.90039
g0 -1.95122,0.79268,1.52439
e0 9.64269,26.17489,-5.62387
a0 0.18115,0.50146,0.89893
g0 -1.89024,0.85366,1.46341
e0 9.64079,26.17864,-5.59474
a0 0.17920,0.50146,0.89990
g0 -1.76829,0.85366,1.46341
e0 9.63597,26.17896,-5.56619
a0 0.17871,0.48877,0.89307
g0 -1.82927,0.79268,1.40244
e0 9.63201,26.17992,-5.53706
a0 0.18555,0.50781,0.91406
g0 -1.82927,0.79268,1.46341
e0 9.63340,26.17998,-5.50727
a0 0.17480,0.50195,0.89941
g0 -1.89024,0.79268,1.40244
e0 9.63081,26.18028,-5.47857
a0 0.18066,0.50049,0.91064
g0 -1.82927,0.73171,1.46341
e0 9.63128,26.17840,-5.44785
a0 0.17334,0.50049,0.90674
g0 -1.89024,0.85366,1.58537
e0 9.62638,26.17717,-5.41839
a0 0.17285,0.49268,0.90869
g0 -1.64634,0.85366,1.34146
e0 9.62703,26.17636,-5.38763
a0 0.18115,0.49951,0.88818
g0 -1.64634,0.79268,1.58537
e0 9.62994,26.17287,-5.35807
a0 0.17969,0.49902,0.91553
g0 -1.82927,0.73171,1.46341
e0 9.63232,26.17273,-5.32767
a0 0.18262,0.50879,0.90967
g0 -1.64634,0.91463,1.52439
e0 9.63143,26.17470,-5.29722
a0 0.18750,0.49658,0.90479
g0 -1.82927,0.79268,1.46341
e0 9.63535,26.17637,-5.26762
a0 0.18115,0.50146,0.90430
g0 -1.82927,0.91463,1.46341
e0 9.63659,26.17349,-5.23743
a0 0.17725,0.50781,0.90576
g0 -1.82927,0.85366,1.46341
e0 9.63134,26.17401,-5.20694
a0 0.18604,0.49463,0.90576
g0 -1.76829,0.85366,1.52439
e0 9.63171,26.17533,-5.17715
a0 0.18604,0.50146,0.89844
g0 -1.82927,0.91463,1.52439
e0 9.63226,26.17770,-5.14759
a0 0.17871,0.49512,0.89990
g0 -1.82927,0.79268,1.46341
e0 9.63474,26.17879,-5.11784
a0 0.17725,0.49512,0.90674
g0 -1.82927,0.85366,1.40244
e0 9.62983,26.17816,-5.08769
a0 0.18115,0.49561,0.91064
g0 -1.76829,0.91463,1.52439
e0 9.63129,26.17652,-5.05770
a0 0.18066,0.49609,0.90967
g0 -1.76829,1.09756,1.40244
e0 9.63212,26.17319,-5.02728
a0 0.16943,0.50537,0.92529
g0 -1.70732,0.97561,1.40244
e0 9.62745,26.17703,-4.99869
a0 0.17432,0.50000,0.90039
g0 -1.95122,0.79268,1.46341
e0 9.62587,26.17932,-4.96897
a0 0.18604,0.49463,0.90967
g0 -1.89024,0.85366,1.46341
e0 9.62654,26.17602,-4.93870
a0 0.17920,0.49512,0.89307
g0 -1.82927,0.79268,1.52439
e0 9.63048,26.17652,-4.91003
a0 0.17285,0.50537,0.91553
g0 -1.89024,0.85366,1.46341
e0 9.62957,26.17782,-4.88060
a0 0.16846,0.49561,0.91113
g0 -1.82927,0.85366,1.52439
e0 9.63011,26.17746,-4.85058
a0 0.18262,0.50537,0.90234
g0 -1.89024,0.73171,1.64634
e0 9.62924,26.17936,-4.82047
a0 0.18457,0.50439,0.90332
g0 -1.76829,0.73171,1.52439
e0 9.63021,26.18161,-4.79287
a0 0.19580,0.48779,0.89648
g0 -1.95122,1.28049,1.15854
e0 9.63218,26.18146,-4.76447
a0 0.18652,0.48047,0.87207
g0 -1.76829,1.52439,0.85366
e0 9.63681,26.18082,-4.73525
a0 0.17725,0.49121,0.91162
g0 -1.95122,0.60976,1.58537
e0 9.63118,26.17645,-4.70514
a0 0.18750,0.50537,0.88916
g0 -1.70732,0.73171,1.58537
e0 9.62923,26.17777,-4.67589
a0 0.17725,0.49951,0.90674
g0 -1.82927,0.85366,1.46341
e0 9.62930,26.17949,-4.64543
a0 0.17773,0.49902,0.90137
g0 -1.76829,0.79268,1.52439
e0 9.63204,26.18300,-4.61570
a0 0.17578,0.50098,0.91260
g0 -1.82927,0.85366,1.40244
e0 9.63039,26.18338,-4.58778
a0 0.17188,0.51270,0.89502
g0 -1.95122,0.79268,1.40244
e0 9.62801,26.18639,-4.55837
a0 0.18262,0.49902,0.90283
g0 -1.89024,0.91463,1.40244
e0 9.62866,26.18774,-4.52836
a0 0.17578,0.50000,0.90820
g0 -1.70732,1.09756,1.40244
e0 9.63198,26.19080,-4.49989
a0 0.17773,0.50098,0.90723
g0 -1.82927,0.73171,1.58537
e0 9.63015,26.18891,-4.46923
a0 0.18213,0.49414,0.90137
g0 -1.89024,0.97561,1.46341
e0 9.62747,26.18952,-4.43986
a0 0.20166,0.48730,0.89893
g0 -1.76829,0.36585,1.89024
e0 9.62915,26.19164,-4.41122
a0 0.18945,0.48828,0.88477
g0 -1.76829,0.67073,1.58537
e0 9.63223,26.18739,-4.38105
a0 0.18945,0.50928,0.91016
g0 -1.82927,0.79268,1.46341
e0 9.63053,26.18676,-4.35225
a0 0.18213,0.50098,0.89844
g0 -1.76829,0.85366,1.40244
e0 9.63160,26.18916,-4.32513
a0 0.17773,0.49854,0.92773
g0 -1.82927,0.79268,1.52439
e0 9.62782,26.18656,-4.29574
a0 0.18408,0.49609,0.90039
g0 -1.95122,0.91463,1.46341
e0 9.63102,26.18314,-4.26446
a0 0.18213,0.49268,0.91553
g0 -1.82927,0.91463,1.46341
e0 9.63323,26.18070,-4.23490
a0 0.17578,0.50049,0.90039
g0 -1.89024,0.79268,1.46341
e0 9.63327,26.17866,-4.20480
a0 0.18457,0.50195,0.91016
g0 -1.82927,0.67073,1.52439
e0 9.63626,26.17747,-4.17501
a0 0.18066,0.50684,0.90869
g0 -1.76829,0.79268,1.52439
e0 9.63102,26.17862,-4.14572
a0 0.17871,0.50684,0.90137
g0 -1.82927,0.85366,1.46341
e0 9.63159,26.18472,-4.11743
a0 0.16553,0.49707,0.90234
g0 -1.76829,0.73171,1.52439
e0 9.63034,26.18320,-4.08806
a0 0.17139,0.49658,0.91357
g0 -1.95122,0.67073,1.52439
e0 9.62764,26.17996,-4.05838
a0 0.18262,0.49854,0.89600
g0 -1.82927,0.85366,1.52439
e0 9.62963,26.18283,-4.02915
a0 0.17871,0.50342,0.90332
g0 -1.95122,0.85366,1.52439
e0 9.62801,26.18089,-3.99947
a0 0.17383,0.49902,0.91797
g0 -1.89024,0.97561,1.46341
e0 9.62745,26.18375,-3.97103
a0 0.17578,0.49951,0.91064
g0 -1.95122,0.85366,1.52439
e0 9.62746,26.18301,-3.94152
a0 0.18652,0.49463,0.90479
g0 -1.89024,0.85366,1.52439
e0 9.63455,26.18330,-3.91193
a0 0.17822,0.50537,0.92480
g0 -1.82927,0.91463,1.52439
e0 9.63572,26.18829,-3.88217
a0 0.18066,0.49756,0.90137
g0 -1.89024,0.97561,1.52439
e0 9.63616,26.18638,-3.85245
a0 0.17822,0.49609,0.90723
g0 -1.82927,0.85366,1.52439
e0 9.63214,26.18432,-3.82266
a0 0.18652,0.49463,0.89697
g0 -1.82927,0.79268,1.52439
e0 9.63656,26.18495,-3.79451
a0 0.18115,0.50049,0.90674
g0 -1.89024,0.85366,1.40244
e0 9.63710,26.18721,-3.76624
a0 0.17822,0.49707,0.89453
g0 -1.82927,0.85366,1.46341
e0 9.64056,26.18355,-3.73641
a0 0.18018,0.50879,0.91406
g0 -1.95122,0.67073,1.58537
e0 9.63993,26.18724,-3.70616
a0 0.18213,0.50098,0.87793
g0 -1.82927,0.36585,1.76829
e0 9.63541,26.18582,-3.67636
a0 0.19043,0.48193,0.90283
g0 -1.82927,0.91463,1.46341
e0 9.63401,26.18099,-3.64640
a0 0.17822,0.49854,0.91846
g0 -1.89024,1.03659,1.34146
e0 9.63401,26.18109,-3.61817
a0 0.17529,0.48926,0.90479
g0 -1.70732,0.73171,1.46341
e0 9.63343,26.17892,-3.58872
a0 0.18604,0.50000,0.90869
g0 -1.95122,0.79268,1.52439
e0 9.63638,26.18124,-3.55919
a0 0.17480,0.50439,0.89941
g0 -1.76829,0.85366,1.52439
e0 9.63369,26.18051,-3.52967
a0 0.17383,0.50977,0.89355
g0 -1.82927,0.91463,1.52439
e0 9.63283,26.18183,-3.50029
a0 0.18750,0.49121,0.91943
g0 -1.82927,0.85366,1.46341
e0 9.63593,26.18094,-3.47085
a0 0.18408,0.50342,0.91162
g0 -1.76829,0.79268,1.46341
e0 9.63549,26.18001,-3.44139
a0 0.17432,0.51367,0.89355
g0 -1.76829,1.52439,1.03659
e0 9.62405,26.19383,-3.42952
a0 0.16406,0.47754,0.89453
g0 -0.12195,1.58537,-1.82927
e0 9.48688,26.40819,-3.73275
a0 0.22803,0.53906,0.90820
g0 10.97561,-3.53659,-24.93903
e0 9.38712,26.63455,-4.01667
a0 0.17188,0.49756,0.88184
g0 3.35366,0.06098,-8.35366
e0 9.31893,26.76982,-4.13637
a0 0.18262,0.52051,0.91504
g0 1.58537,2.92683,-3.29268
e0 9.31480,26.77599,-4.11058
a0 0.17676,0.50488,0.90137
g0 -1.76829,0.73171,1.58537
e0 9.31164,26.77259,-4.08114
a0 0.17285,0.50342,0.89502
g0 -1.76829,0.97561,1.40244
e0 9.30939,26.77147,-4.05119
a0 0.16895,0.49219,0.91162
g0 -1.95122,0.79268,1.52439
e0 9.31218,26.76438,-4.01922
a0 0.17529,0.51514,0.89648
g0 -1.82927,0.85366,1.46341
e0 9.31298,26.76497,-3.99096
a0 0.17676,0.51318,0.91553
g0 -1.89024,1.28049,0.97561
e0 9.31295,26.75867,-3.96035
a0 0.15283,0.51270,0.92969
g0 -1.82927,1.95122,0.73171
e0 9.31305,26.75605,-3.92894
a0 0.18408,0.50342,0.89990
g0 -1.70732,0.73171,1.58537
e0 9.31676,26.75464,-3.89845
a0 0.18555,0.50879,0.90967
g0 -1.89024,0.67073,1.58537
e0 9.31673,26.75418,-3.86902
a0 0.16895,0.51123,0.89893
g0 -1.82927,0.97561,1.34146
e0 9.31430,26.75491,-3.84066
a0 0.17822,0.51465,0.91602
g0 -1.82927,0.91463,1.34146
e0 9.31905,26.75256,-3.81074
a0 0.16748,0.51123,0.90576
g0 -1.82927,0.79268,1.52439
e0 9.32003,26.75436,-3.78127
a0 0.16650,0.49805,0.90430
g0 -1.89024,0.85366,1.40244
e0 9.31948,26.74877,-3.75134
a0 0.17041,0.50537,0.88867
g0 -1.89024,0.91463,1.40244
e0 9.32003,26.75027,-3.72157
a0 0.17090,0.49658,0.90332
g0 -1.82927,0.91463,1.40244
e0 9.32069,26.74730,-3.69220
a0 0.17676,0.51172,0.90039
g0 -1.82927,0.79268,1.40244
e0 9.32228,26.75139,-3.66246
a0 0.17773,0.50977,0.89355
g0 -1.82927,0.85366,1.52439
e0 9.32419,26.75272,-3.63280
a0 0.17920,0.49463,0.91113
g0 -1.76829,0.73171,1.58537
e0 9.32254,26.74935,-3.60350
a0 0.18213,0.50488,0.90820
g0 -1.82927,0.91463,1.34146
e0 9.32357,26.74689,-3.57415
a0 0.17383,0.50537,0.91357
g0 -1.82927,0.97561,1.40244
e0 9.32814,26.74221,-3.54436
a0 0.17676,0.50537,0.89014
g0 -1.95122,0.73171,1.58537
e0 9.32831,26.73842,-3.51493
a0 0.17041,0.51270,0.89697
g0 -1.95122,0.73171,1.46341
e0 9.32892,26.74260,-3.48697
a0 0.17383,0.50781,0.90430
g0 -1.89024,0.85366,1.46341
e0 9.33232,26.74099,-3.45613
a0 0.17236,0.50635,0.91309
g0 -1.95122,0.97561,1.58537
e0 9.33411,26.73637,-3.42493
a0 0.17334,0.50977,0.88867
g0 -1.95122,0.85366,1.52439
e0 9.33437,26.73672,-3.39518
a0 0.16504,0.50830,0.88818
g0 -1.76829,0.67073,1.52439
e0 9.32516,26.73453,-3.36582
a0 0.16650,0.50244,0.88770
g0 -1.76829,0.85366,1.46341
e0 9.32541,26.73280,-3.33638
a0 0.16797,0.51123,0.89600
g0 -1.95122,0.73171,1.52439
e0 9.32526,26.73011,-3.30591
a0 0.17676,0.50439,0.89453
g0 -1.82927,0.91463,1.46341
e0 9.32566,26.73070,-3.27534
a0 0.17773,0.51025,0.90723
g0 -1.89024,1.09756,1.46341
e0 9.32724,26.72867,-3.24607
a0 0.16895,0.50732,0.90283
g0 -1.76829,0.60976,1.52439
e0 9.32869,26.72778,-3.21537
a0 0.16895,0.51514,0.89941
g0 -2.01220,0.67073,1.70732
e0 9.32863,26.72842,-3.18464
a0 0.18262,0.51416,0.89990
g0 -1.70732,0.79268,1.52439
e0 9.33234,26.73078,-3.15560
a0 0.16943,0.51123,0.89111
g0 -1.89024,0.79268,1.46341
e0 9.32893,26.73242,-3.12474
a0 0.18262,0.50732,0.90771
g0 -1.70732,0.85366,1.64634
e0 9.32628,26.73143,-3.09360
a0 0.17285,0.51025,0.90869
g0 -1.82927,0.85366,1.46341
e0 9.32290,26.73040,-3.06237
a0 0.16943,0.51025,0.89209
g0 -1.70732,0.85366,1.46341
e0 9.31943,26.73129,-3.03395
a0 0.17920,0.51318,0.91016
g0 -1.89024,0.85366,1.46341
e0 9.31824,26.73012,-3.00491
a0 0.16943,0.50586,0.90430
g0 -1.82927,0.91463,1.34146
e0 9.31900,26.73320,-2.97720
a0 0.16504,0.51172,0.91064
g0 -1.89024,0.85366,1.34146
e0 9.31432,26.73196,-2.94809
a0 0.17773,0.51172,0.90479
g0 -1.89024,0.85366,1.46341
e0 9.31328,26.72884,-2.91773
a0 0.18018,0.50830,0.89111
g0 -1.76829,0.91463,1.46341
e0 9.31743,26.73181,-2.88892
a0 0.17480,0.51123,0.89990
g0 -1.89024,0.85366,1.40244
e0 9.31704,26.73402,-2.85930
a0 0.17725,0.51074,0.90771
g0 -1.76829,0.85366,1.40244
e0 9.31697,26.74120,-2.83061
a0 0.17334,0.51416,0.90723
g0 -1.82927,0.79268,1.46341
e0 9.31731,26.74319,-2.80098
a0 0.17676,0.50830,0.90430
g0 -1.89024,0.91463,1.52439
e0 9.31648,26.74399,-2.77173
a0 0.17725,0.51172,0.89893
g0 -1.70732,0.91463,1.40244
e0 9.31581,26.74634,-2.74292
a0 0.17529,0.51074,0.88770
g0 -1.89024,0.79268,1.40244
e0 9.31463,26.74983,-2.71473
a0 0.16162,0.49854,0.90186
g0 -1.76829,0.85366,1.40244
e0 9.31636,26.75071,-2.68468
a0 0.18604,0.51318,0.89355
g0 -1.76829,0.79268,1.52439
e0 9.31990,26.74918,-2.65555
a0 0.17529,0.49902,0.89746
g0 -1.82927,0.91463,1.46341
e0 9.32186,26.74454,-2.62610
a0 0.17139,0.52393,0.89697
g0 -2.01220,0.85366,1.46341
e0 9.31848,26.74604,-2.59585
a0 0.17578,0.50732,0.90967
g0 -1.89024,0.85366,1.52439
e0 9.31853,26.73947,-2.56527
a0 0.16895,0.50732,0.90869
g0 -2.01220,0.85366,1.46341
e0 9.32090,26.73554,-2.53533
a0 0.17432,0.51270,0.90576
g0 -1.89024,0.85366,1.52439
e0 9.32435,26.73614,-2.50735
a0 0.17773,0.50342,0.91553
g0 -1.82927,0.79268,1.46341
e0 9.32108,26.73254,-2.47638
a0 0.17139,0.51514,0.89404
g0 -1.76829,0.97561,1.46341
e0 9.32137,26.73251,-2.44720
a0 0.17725,0.51367,0.90869
g0 -1.95122,0.91463,1.40244
e0 9.32313,26.73648,-2.41900
a0 0.17236,0.51025,0.88281
g0 -1.76829,0.91463,1.46341
e0 9.32385,26.73993,-2.38977
a0 0.16650,0.51660,0.91064
g0 -1.82927,0.79268,1.40244
e0 9.31868,26.74386,-2.36096
a0 0.17090,0.50781,0.89893
g0 -1.95122,0.91463,1.40244
e0 9.31835,26.74413,-2.33056
a0 0.17676,0.50000,0.90771
g0 -1.82927,0.91463,1.52439
e0 9.32149,26.74302,-2.29932
a0 0.17969,0.50879,0.89160
g0 -1.89024,0.91463,1.46341
e0 9.32407,26.74106,-2.26820
a0 0.17529,0.50439,0.91846
g0 -1.76829,0.79268,1.52439
e0 9.32354,26.73769,-2.23860
a0 0.17383,0.50684,0.89160
g0 -1.64634,0.91463,1.40244
e0 9.32368,26.73920,-2.20829
a0 0.17529,0.50098,0.90234
g0 -1.89024,0.85366,1.46341
e0 9.32532,26.73873,-2.17832
a0 0.16797,0.50537,0.90283
g0 -1.82927,0.91463,1.52439
e0 9.32308,26.73896,-2.14840
a0 0.17725,0.51611,0.89600
g0 -1.70732,0.73171,1.46341
e0 9.31917,26.74031,-2.11830
a0 0.17773,0.50977,0.89893
g0 -1.70732,0.85366,1.52439
e0 9.31965,26.74173,-2.08857
a0 0.17334,0.50586,0.91602
g0 -1.82927,0.91463,1.46341
e0 9.31632,26.74309,-2.05955
a0 0.16699,0.51611,0.89160
g0 -1.82927,0.91463,1.34146
e0 9.31360,26.74713,-2.03087
a0 0.17480,0.50195,0.89746
g0 -1.70732,0.91463,1.40244
e0 9.31688,26.74389,-2.00191
a0 0.17822,0.51611,0.88916
g0 -1.89024,0.73171,1.46341
e0 9.31606,26.74381,-1.97082
a0 0.18066,0.50488,0.89014
g0 -1.76829,0.85366,1.52439
e0 9.31791,26.74394,-1.94124
a0 0.17773,0.51709,0.91602
g0 -1.82927,0.85366,1.46341
e0 9.31616,26.74630,-1.91273
a0 0.17920,0.51367,0.90283
g0 -1.70732,0.91463,1.40244
e0 9.32058,26.74463,-1.88273
a0 0.17383,0.50244,0.90576
g0 -1.82927,0.91463,1.46341
e0 9.31736,26.74398,-1.85271
a0 0.17139,0.51074,0.89844
g0 -1.95122,0.91463,1.46341
e0 9.31846,26.74179,-1.82221
a0 0.16797,0.51758,0.89941
g0 -1.82927,0.85366,1.46341
e0 9.31664,26.74364,-1.79275
a0 0.17871,0.51123,0.91064
g0 -1.70732,0.79268,1.40244
e0 9.31721,26.74527,-1.76358
a0 0.17969,0.51563,0.89307
g0 -1.76829,0.85366,1.52439
e0 9.32105,26.74809,-1.73358
a0 0.16357,0.50586,0.90674
g0 -1.89024,0.85366,1.46341
e0 9.32059,26.74761,-1.70324
a0 0.16553,0.51123,0.90234
g0 -1.70732,0.85366,1.46341
e0 9.31833,26.74691,-1.67344
a0 0.17773,0.51172,0.90576
g0 -1.82927,0.97561,1.40244
e0 9.31610,26.74529,-1.64305
a0 0.16260,0.50146,0.90674
g0 -1.82927,0.91463,1.40244
e0 9.31367,26.73916,-1.61279
a0 0.19287,0.53174,0.88818
g0 -2.01220,0.91463,1.46341
e0 9.31638,26.74096,-1.58451
a0 0.17676,0.52734,0.88232
g0 -1.95122,0.91463,1.40244
e0 9.31133,26.74599,-1.55552
a0 0.17432,0.50195,0.90674
g0 -1.95122,0.79268,1.52439
e0 9.30819,26.74876,-1.52564
a0 0.16797,0.51025,0.89746
g0 -1.76829,0.97561,1.40244
e0 9.30388,26.75184,-1.49726
a0 0.17090,0.50684,0.89160
g0 -1.70732,0.91463,1.40244
e0 9.30202,26.74990,-1.46746
a0 0.17480,0.50488,0.88916
g0 -1.82927,0.73171,1.40244
e0 9.30262,26.75529,-1.43855
a0 0.17236,0.50684,0.90332
g0 -1.82927,0.85366,1.46341
e0 9.30528,26.75207,-1.40900
a0 0.17529,0.49854,0.90283
g0 -1.89024,0.79268,1.34146
e0 9.30959,26.74710,-1.37960
a0 0.17383,0.49805,0.90039
g0 -2.01220,0.91463,1.46341
e0 9.31213,26.74524,-1.34927
a0 0.16357,0.50879,0.90332
g0 -1.82927,0.67073,1.64634
e0 9.30611,26.74544,-1.32007
a0 0.17871,0.51074,0.89990
g0 -1.76829,1.28049,1.09756
e0 9.31176,26.74686,-1.28979
a0 0.17139,0.50146,0.91162
g0 -1.76829,0.91463,1.52439
e0 9.31543,26.74780,-1.26099
a0 0.17188,0.50488,0.89063
g0 -1.89024,0.73171,1.46341
e0 9.31707,26.74764,-1.23132
a0 0.17236,0.50342,0.91357
g0 -1.76829,0.79268,1.58537
e0 9.31478,26.74652,-1.20042
a0 0.17334,0.50732,0.90186
g0 -1.82927,0.79268,1.46341
e0 9.31272,26.74618,-1.17031
a0 0.17578,0.51172,0.90674
g0 -1.82927,0.91463,1.46341
e0 9.31440,26.74292,-1.14019
a0 0.17529,0.50000,0.89355
g0 -1.82927,0.85366,1.52439
e0 9.31773,26.74075,-1.11062
a0 0.17773,0.51025,0.89307
g0 -1.89024,0.79268,1.46341
e0 9.32092,26.74371,-1.08188
a0 0.18262,0.50732,0.89941
g0 -1.89024,0.73171,1.46341
e0 9.32890,26.74183,-1.05181
a0 0.16943,0.50732,0.90283
g0 -1.82927,0.85366,1.46341
e0 9.32793,26.74101,-1.02293
a0 0.16748,0.51172,0.91699
g0 -1.89024,0.79268,1.46341
e0 9.32674,26.73844,-0.99203
a0 0.16113,0.50635,0.91406
g0 -1.76829,0.97561,1.52439
e0 9.32530,26.73331,-0.96245
a0 0.17969,0.49951,0.91162
g0 -1.89024,0.91463,1.46341
e0 9.32685,26.72669,-0.93191
a0 0.18457,0.50488,0.88330
g0 -2.01220,0.85366,1.46341
e0 9.32743,26.72480,-0.90010
a0 0.17041,0.51270,0.89844
g0 -2.01220,0.91463,1.46341
e0 9.32636,26.72732,-0.87025
a0 0.17285,0.51074,0.91846
g0 -1.82927,0.91463,1.52439
e0 9.32617,26.72715,-0.84132
a0 0.17676,0.50488,0.89355
g0 -1.76829,0.79268,1.52439
e0 9.32714,26.72477,-0.81003
a0 0.16699,0.51514,0.91162
g0 -1.89024,0.85366,1.46341
e0 9.32473,26.72234,-0.77916
a0 0.17725,0.51318,0.90869
g0 -1.95122,0.79268,1.58537
e0 9.32800,26.72673,-0.75038
a0 0.17480,0.50195,0.90234
g0 -1.76829,0.79268,1.40244
e0 9.32775,26.72347,-0.71965
a0 0.17480,0.50342,0.89746
g0 -1.95122,0.85366,1.52439
e0 9.32850,26.71616,-0.68867
a0 0.16895,0.50586,0.90332
g0 -1.82927,0.85366,1.40244
e0 9.32712,26.71590,-0.65980
a0 0.17529,0.50439,0.90869
g0 -1.70732,0.91463,1.40244
e0 9.32737,26.71581,-0.63073
a0 0.17432,0.50049,0.91846
g0 -1.70732,0.79268,1.46341
e0 9.32643,26.71767,-0.60033
a0 0.17432,0.49658,0.93604
g0 -1.89024,0.85366,1.52439
e0 9.32636,26.70860,-0.56879
a0 0.17285,0.51416,0.91016
g0 -1.89024,0.85366,1.46341
e0 9.32397,26.70789,-0.53856
a0 0.16797,0.50928,0.90820
g0 -1.89024,0.85366,1.40244
e0 9.32304,26.70878,-0.50928
a0 0.17285,0.50342,0.90137
g0 -1.76829,0.79268,1.46341
e0 9.32274,26.70920,-0.47938
a0 0.17822,0.50635,0.89941
g0 -1.76829,0.91463,1.46341
e0 9.32241,26.70895,-0.45000
a0 0.17236,0.50732,0.91162
g0 -1.95122,0.79268,1.46341
e0 9.32237,26.70519,-0.41999
a0 0.17236,0.51074,0.88867
g0 -1.89024,0.85366,1.46341
e0 9.32684,26.70593,-0.39072
a0 0.17725,0.50928,0.89453
g0 -1.82927,0.79268,1.52439
e0 9.32778,26.70564,-0.36190
a0 0.17188,0.51318,0.89844
g0 -1.82927,0.91463,1.40244
e0 9.32990,26.70909,-0.33342
a0 0.16650,0.51123,0.90137
g0 -1.89024,0.85366,1.34146
e0 9.33008,26.70741,-0.30320
a0 0.17529,0.51709,0.90137
g0 -1.82927,0.97561,1.46341
e0 9.32965,26.70993,-0.27357
a0 0.17676,0.51465,0.89893
g0 -1.89024,0.73171,1.46341
e0 9.32898,26.70862,-0.24333
a0 0.17090,0.50928,0.89648
g0 -1.82927,0.97561,1.46341
e0 9.33260,26.70665,-0.21328
a0 0.18066,0.50586,0.89209
g0 -1.95122,0.85366,1.52439
e0 9.33459,26.70488,-0.18349
a0 0.16895,0.50879,0.89404
g0 -1.89024,0.73171,1.46341
e0 9.33233,26.70464,-0.15522
a0 0.17920,0.50488,0.89648
g0 -1.89024,0.79268,1.58537
e0 9.33316,26.70274,-0.12524
a0 0.16943,0.51123,0.88330
g0 -1.76829,0.91463,1.46341
e0 9.32965,26.70333,-0.09586
a0 0.16846,0.52734,0.91309
g0 -1.82927,0.91463,1.40244
e0 9.32407,26.71283,-0.06764
a0 0.17383,0.51514,0.88867
g0 -1.95122,0.85366,1.46341
e0 9.32164,26.70718,-0.03690
a0 0.17871,0.51514,0.90430
g0 -1.89024,0.91463,1.52439
e0 9.32283,26.70818,-0.00690
a0 0.17139,0.51660,0.90283
g0 -1.95122,0.91463,1.52439
e0 9.32270,26.70880,0.02273
a0 0.17188,0.52148,0.90186
g0 -1.82927,0.91463,1.46341
e0 9.32271,26.70877,0.05320
a0 0.17383,0.51025,0.89014
g0 -2.01220,0.85366,1.52439
e0 9.32436,26.70830,0.08313
a0 0.17236,0.50684,0.89844
g0 -1.89024,0.85366,1.46341
e0 9.32468,26.70889,0.11221
a0 0.18018,0.50879,0.88525
g0 -1.76829,0.85366,1.34146
e0 9.32550,26.70962,0.14279
a0 0.16895,0.50830,0.91113
g0 -1.95122,0.79268,1.52439
e0 9.32424,26.71307,0.17237
a0 0.17188,0.50928,0.90723
g0 -1.70732,0.91463,1.46341
e0 9.32251,26.71378,0.20240
a0 0.17334,0.51270,0.89502
g0 -1.89024,0.97561,1.46341
e0 9.32252,26.71197,0.23192
a0 0.17383,0.49854,0.89990
g0 -1.89024,0.79268,1.52439
e0 9.32422,26.70891,0.26243
a0 0.17236,0.50146,0.90820
g0 -1.76829,0.85366,1.52439
e0 9.32421,26.70555,0.29207
a0 0.17480,0.51270,0.89502
g0 -1.82927,0.67073,1.52439
e0 9.32622,26.70881,0.32177
a0 0.17432,0.50342,0.90234
g0 -1.76829,0.91463,1.52439
e0 9.32297,26.71043,0.35158
a0 0.17432,0.50488,0.88623
g0 -1.82927,0.91463,1.46341
e0 9.32539,26.71261,0.38128
a0 0.17285,0.49414,0.91504
g0 -1.82927,0.73171,1.52439
e0 9.32694,26.70606,0.41201
a0 0.17041,0.50635,0.91064
g0 -1.82927,0.73171,1.52439
e0 9.32831,26.70594,0.44076
a0 0.16650,0.50830,0.90869
g0 -1.76829,0.73171,1.34146
e0 9.32669,26.70661,0.47013
a0 0.17041,0.50879,0.90723
g0 -1.82927,0.85366,1.40244
e0 9.32779,26.70534,0.50042
a0 0.17383,0.50586,0.89746
g0 -1.76829,0.79268,1.52439
e0 9.32676,26.70352,0.53048
a0 0.17529,0.50146,0.89600
g0 -1.89024,0.85366,1.46341
e0 9.32617,26.70268,0.56100
a0 0.16895,0.51270,0.91016
g0 -1.95122,0.91463,1.52439
e0 9.32465,26.70077,0.59016
a0 0.17725,0.51367,0.90186
g0 -1.95122,0.85366,1.40244
e0 9.32460,26.70087,0.61971
a0 0.18115,0.51172,0.90039
g0 -1.95122,0.85366,1.52439
e0 9.32604,26.70587,0.64807
a0 0.18018,0.50635,0.90820
g0 -1.82927,0.79268,1.46341
e0 9.33125,26.70160,0.67812
a0 0.16943,0.51318,0.89746
g0 -1.76829,0.85366,1.40244
e0 9.33192,26.70358,0.70773
a0 0.17969,0.51855,0.91113
g0 -1.89024,0.85366,1.58537
e0 9.33181,26.70651,0.73785
a0 0.18164,0.50537,0.91162
g0 -2.07317,0.79268,1.58537
e0 9.33792,26.70598,0.76626
a0 0.17969,0.50195,0.90576
g0 -1.70732,0.79268,1.40244
e0 9.34016,26.70547,0.79716
a0 0.17725,0.51270,0.89697
g0 -1.70732,0.91463,1.52439
e0 9.34265,26.70649,0.82555
a0 0.17139,0.50635,0.89404
g0 -1.89024,0.85366,1.34146
e0 9.34355,26.70804,0.85443
a0 0.18115,0.50879,0.89307
g0 -1.82927,0.79268,1.46341
e0 9.34513,26.70820,0.88335
a0 0.16504,0.51465,0.89600
g0 -1.70732,0.97561,1.40244
e0 9.34350,26.70757,0.91254
a0 0.17578,0.50586,0.89893
g0 -1.82927,0.79268,1.46341
e0 9.34074,26.70456,0.94308
a0 0.17188,0.50781,0.91699
g0 -1.89024,0.85366,1.46341
e0 9.33981,26.70194,0.97374
a0 0.17529,0.51123,0.88770
g0 -1.82927,0.91463,1.40244
e0 9.34035,26.70001,1.00447
a0 0.17090,0.50635,0.90283
g0 -1.82927,0.97561,1.46341
e0 9.33952,26.69765,1.03461
a0 0.17969,0.50488,0.90967
g0 -1.76829,0.97561,1.40244
e0 9.33672,26.69653,1.06382
a0 0.17871,0.50439,0.90186
g0 -1.89024,0.85366,1.46341
e0 9.33680,26.69638,1.09327
a0 0.17773,0.51318,0.90479
g0 -1.82927,0.91463,1.40244
e0 9.33713,26.69641,1.12375
a0 0.17236,0.50684,0.90479
g0 -1.89024,0.79268,1.46341
e0 9.33696,26.69453,1.15349
a0 0.16602,0.50781,0.90332
g0 -1.89024,0.79268,1.58537
e0 9.33373,26.69306,1.18323
a0 0.17285,0.50488,0.90137
g0 -1.70732,0.91463,1.52439
e0 9.33343,26.69323,1.21263
a0 0.17041,0.50635,0.91016
g0 -1.82927,0.97561,1.40244
e0 9.33346,26.69492,1.24170
a0 0.16846,0.50928,0.89355
g0 -1.76829,0.79268,1.40244
e0 9.33073,26.69463,1.27146
a0 0.17529,0.50439,0.90820
g0 -1.82927,0.91463,1.46341
e0 9.33270,26.69605,1.30173
a0 0.17529,0.50586,0.90869
g0 -1.76829,0.91463,1.52439
e0 9.33021,26.69158,1.33247
a0 0.18262,0.52441,0.90723
g0 -1.82927,0.91463,1.46341
e0 9.32975,26.69536,1.35986
a0 0.17725,0.50098,0.88818
g0 -1.64634,0.91463,1.15854
e0 9.23066,26.81978,1.19494
a0 0.14209,0.52148,0.88037
g0 7.43902,-3.71951,-18.53658
e0 9.11850,27.13373,0.80484
a0 0.11963,0.52051,0.92725
g0 4.26829,2.19512,-10.24390
e0 9.11153,27.13269,0.83167
a0 0.16846,0.52295,0.90039
g0 -1.95122,1.28049,1.09756
e0 9.11121,27.13070,0.86186
a0 0.17334,0.51172,0.89697
g0 -1.95122,0.97561,1.34146
e0 9.11410,27.13202,0.89201
a0 0.17285,0.51611,0.90186
g0 -1.82927,0.85366,1.46341
e0 9.11575,27.12808,0.92238
a0 0.16113,0.50635,0.87891
g0 -1.82927,0.79268,1.52439
e0 9.11200,27.12842,0.95169
a0 0.16162,0.51465,0.87939
g0 -1.82927,0.91463,1.34146
e0 9.10824,27.13103,0.98196
a0 0.16455,0.51953,0.89453
g0 -1.82927,0.85366,1.40244
e0 9.10828,27.13042,1.01117
a0 0.16504,0.51807,0.90869
g0 -1.95122,0.85366,1.46341
e0 9.10092,27.12567,1.04129
a0 0.16943,0.51563,0.90283
g0 -1.89024,0.85366,1.40244
e0 9.10182,27.12415,1.07107
a0 0.16113,0.51563,0.87695
g0 -1.95122,0.91463,1.40244
e0 9.10148,27.12632,1.09988
a0 0.16406,0.52295,0.90332
g0 -1.82927,0.85366,1.46341
e0 9.10023,27.13109,1.12942
a0 0.17041,0.51709,0.90527
g0 -1.76829,0.79268,1.46341
e0 9.09919,27.13134,1.15926
a0 0.17334,0.51660,0.90283
g0 -1.82927,0.85366,1.46341
e0 9.09859,27.13443,1.18770
a0 0.17969,0.52734,0.90137
g0 -1.76829,0.73171,1.40244
e0 9.09664,27.13737,1.21693
a0 0.18359,0.51318,0.90283
g0 -1.82927,0.85366,1.40244
e0 9.09828,27.14042,1.24625
a0 0.17383,0.51855,0.88037
g0 -1.76829,0.97561,1.40244
e0 9.09730,27.14408,1.27574
a0 0.16748,0.50488,0.89160
g0 -1.70732,0.97561,1.40244
e0 9.09389,27.14147,1.30650
a0 0.17188,0.51465,0.89063
g0 -1.89024,0.79268,1.46341
e0 9.09114,27.14006,1.33686
a0 0.16748,0.51123,0.90723
g0 -1.89024,0.85366,1.52439
e0 9.09413,27.13396,1.36793
a0 0.17334,0.51318,0.89111
g0 -1.70732,0.85366,1.52439
e0 9.09811,27.13654,1.39784
a0 0.17725,0.52051,0.90039
g0 -1.82927,0.85366,1.46341
e0 9.09989,27.13734,1.42777
a0 0.16797,0.50635,0.89502
g0 -1.82927,0.85366,1.46341
e0 9.09840,27.13544,1.45683
a0 0.17480,0.51465,0.90137
g0 -1.89024,0.85366,1.46341
e0 9.09945,27.13613,1.48699
a0 0.17822,0.52148,0.87500
g0 -1.89024,0.79268,1.52439
e0 9.10217,27.13524,1.51557
a0 0.17578,0.52002,0.89893
g0 -1.95122,0.85366,1.46341
e0 9.10612,27.13363,1.54613
a0 0.17822,0.51611,0.88037
g0 -1.89024,0.91463,1.52439
e0 9.10987,27.13578,1.57599
a0 0.17090,0.52441,0.90039
g0 -1.89024,0.85366,1.40244
e0 9.11083,27.13827,1.60538
a0 0.17432,0.51758,0.89697
g0 -1.76829,0.91463,1.46341
e0 9.11554,27.13856,1.63477
a0 0.17578,0.49854,0.90820
g0 -1.89024,0.67073,1.46341
e0 9.11999,27.13767,1.66491
a0 0.17529,0.50781,0.91602
g0 -1.76829,0.85366,1.46341
e0 9.12038,27.13057,1.69546
a0 0.16943,0.51904,0.90137
g0 -1.89024,0.97561,1.46341
e0 9.12038,27.12759,1.72538
a0 0.16602,0.50830,0.89209
g0 -1.76829,0.85366,1.46341
e0 9.11847,27.12697,1.75516
a0 0.16748,0.50586,0.89844
g0 -1.76829,0.79268,1.46341
e0 9.11348,27.12539,1.78581
a0 0.16113,0.50977,0.90869
g0 -1.82927,0.91463,1.46341
e0 9.11039,27.12343,1.81697
a0 0.16211,0.51318,0.89746
g0 -1.76829,0.91463,1.46341
e0 9.10911,27.12136,1.84729
a0 0.16943,0.51709,0.91064
g0 -1.82927,0.97561,1.40244
e0 9.11072,27.12144,1.87695
a0 0.16846,0.50879,0.90332
g0 -1.95122,0.73171,1.52439
e0 9.11213,27.11778,1.90741
a0 0.17529,0.50391,0.89209
g0 -1.89024,0.79268,1.52439
e0 9.11479,27.11837,1.93640
a0 0.17139,0.51367,0.89307
g0 -1.89024,0.85366,1.34146
e0 9.11574,27.11751,1.96615
a0 0.16650,0.51123,0.89453
g0 -2.01220,0.97561,1.46341
e0 9.11275,27.11535,1.99622
a0 0.17871,0.51855,0.89404
g0 -1.82927,0.91463,1.40244
e0 9.11471,27.11859,2.02506
a0 0.16113,0.51270,0.91943
g0 -1.76829,0.85366,1.58537
e0 9.11198,27.11840,2.05409
a0 0.18115,0.51709,0.89648
g0 -2.01220,0.85366,1.46341
e0 9.11253,27.11925,2.08341
a0 0.16553,0.51367,0.91504
g0 -1.70732,0.97561,1.40244
e0 9.10895,27.11469,2.11409
a0 0.16357,0.51172,0.90723
g0 -1.82927,0.85366,1.40244
e0 9.10896,27.11930,2.14309
a0 0.18018,0.51904,0.88916
g0 -1.82927,0.85366,1.46341
e0 9.10865,27.11693,2.17202
a0 0.16650,0.51465,0.89600
g0 -1.95122,0.91463,1.40244
e0 9.10637,27.11610,2.20180
a0 0.16504,0.52197,0.88818
g0 -1.76829,0.91463,1.40244
e0 9.10660,27.11887,2.23144
a0 0.16455,0.51318,0.90869
g0 -1.76829,0.85366,1.52439
e0 9.10338,27.11837,2.26250
a0 0.16602,0.51611,0.89990
g0 -1.89024,0.91463,1.46341
e0 9.10223,27.11907,2.29338
a0 0.17139,0.51758,0.89697
g0 -1.82927,0.91463,1.52439
e0 9.10087,27.11874,2.32302
a0 0.17383,0.51904,0.89502
g0 -1.89024,0.85366,1.52439
e0 9.10210,27.11963,2.35315
a0 0.17041,0.50879,0.89404
g0 -1.82927,0.97561,1.46341
e0 9.10293,27.12187,2.38244
a0 0.16602,0.51074,0.88770
g0 -1.89024,0.91463,1.46341
e0 9.10160,27.12035,2.41258
a0 0.18066,0.51465,0.89893
g0 -1.95122,0.85366,1.46341
e0 9.10317,27.11880,2.44092
a0 0.17578,0.51660,0.89941
g0 -1.89024,0.85366,1.34146
e0 9.10279,27.12162,2.47001
a0 0.16113,0.52393,0.91260
g0 -1.89024,0.91463,1.52439
e0 9.09810,27.12208,2.49909
a0 0.18066,0.51660,0.91357
g0 -1.70732,0.85366,1.34146
e0 9.10293,27.12000,2.52857
a0 0.16064,0.52051,0.89941
g0 -1.82927,0.79268,1.46341
e0 9.10182,27.12111,2.55923
a0 0.17236,0.51270,0.90186
g0 -1.64634,0.97561,1.52439
e0 9.10514,27.12023,2.58947
a0 0.17090,0.51953,0.90527
g0 -1.70732,0.97561,1.46341
e0 9.10590,27.12143,2.61774
a0 0.17383,0.51904,0.90430
g0 -1.95122,0.79268,1.40244
e0 9.10326,27.11940,2.64725
a0 0.17041,0.51123,0.91016
g0 -1.89024,0.91463,1.40244
e0 9.10361,27.11629,2.67745
a0 0.17236,0.52051,0.89746
g0 -1.76829,0.85366,1.40244
e0 9.10156,27.11703,2.70621
a0 0.15576,0.52295,0.89307
g0 -1.76829,0.73171,1.40244
e0 9.09920,27.11775,2.73591
a0 0.16504,0.52344,0.89844
g0 -1.82927,0.79268,1.52439
e0 9.09841,27.12123,2.76475
a0 0.16748,0.51709,0.88867
g0 -1.82927,0.91463,1.34146
e0 9.09734,27.11953,2.79483
a0 0.16699,0.51904,0.89355
g0 -1.95122,0.91463,1.34146
e0 9.10096,27.12097,2.82326
a0 0.16650,0.52051,0.90234
g0 -1.89024,0.85366,1.46341
e0 9.09743,27.12173,2.85332
a0 0.16650,0.51367,0.90234
g0 -1.76829,0.85366,1.46341
e0 9.09888,27.12196,2.88315
a0 0.16895,0.51465,0.89111
g0 -1.89024,0.85366,1.46341
e0 9.09751,27.12180,2.91336
a0 0.17285,0.51904,0.88574
g0 -1.95122,0.85366,1.46341
e0 9.09952,27.12712,2.94201
a0 0.17285,0.51563,0.89844
g0 -1.64634,0.79268,1.46341
e0 9.10222,27.12803,2.97205
a0 0.17871,0.51074,0.89648
g0 -1.70732,0.85366,1.46341
e0 9.10892,27.12846,3.00240
a0 0.16699,0.51855,0.89648
g0 -1.89024,0.73171,1.46341
e0 9.10848,27.12681,3.03139
a0 0.16943,0.52197,0.89746
g0 -1.89024,0.73171,1.46341
e0 9.10794,27.12484,3.06236
a0 0.17773,0.51563,0.90039
g0 -1.70732,0.85366,1.52439
e0 9.11006,27.12442,3.09223
a0 0.17041,0.51563,0.91016
g0 -1.95122,0.97561,1.52439
e0 9.11098,27.12374,3.12242
a0 0.17334,0.51318,0.89844
g0 -2.01220,0.73171,1.46341
e0 9.11151,27.12453,3.15229
a0 0.17090,0.51123,0.90527
g0 -1.89024,0.91463,1.46341
e0 9.11288,27.12622,3.18088
a0 0.16748,0.51416,0.88721
g0 -1.89024,0.79268,1.46341
e0 9.11320,27.12845,3.21001
a0 0.17041,0.52295,0.90283
g0 -1.89024,0.91463,1.40244
e0 9.11264,27.13007,3.24101
a0 0.18164,0.51660,0.89355
g0 -1.89024,0.85366,1.58537
e0 9.11397,27.12391,3.27124
a0 0.17334,0.51270,0.90527
g0 -1.82927,0.79268,1.46341
e0 9.11475,27.12151,3.30156
a0 0.17188,0.51709,0.89648
g0 -1.89024,0.85366,1.46341
e0 9.11771,27.12373,3.33060
a0 0.17676,0.51172,0.90771
g0 -1.82927,0.85366,1.46341
e0 9.11447,27.12462,3.36081
a0 0.16211,0.52197,0.89844
g0 -1.76829,0.85366,1.52439
e0 9.11045,27.12169,3.39068
a0 0.18359,0.52197,0.90234
g0 -1.95122,0.91463,1.46341
e0 9.11587,27.11737,3.42050
a0 0.17529,0.51514,0.88623
g0 -1.89024,0.91463,1.40244
e0 9.12066,27.11407,3.45100
a0 0.17090,0.50684,0.89746
g0 -1.89024,0.91463,1.40244
e0 9.11974,27.11207,3.48138
a0 0.17334,0.51758,0.89453
g0 -1.82927,0.85366,1.46341
e0 9.12088,27.11085,3.51218
a0 0.17529,0.51172,0.90723
g0 -1.82927,0.85366,1.52439
e0 9.12166,27.10954,3.54231
a0 0.16846,0.51514,0.89990
g0 -1.82927,0.91463,1.46341
e0 9.12207,27.10963,3.57269
a0 0.16211,0.51953,0.92139
g0 -1.89024,0.79268,1.46341
e0 9.11711,27.10959,3.60385
a0 0.16211,0.51611,0.89941
g0 -1.89024,0.85366,1.52439
e0 9.11284,27.10775,3.63430
a0 0.17773,0.50684,0.90137
g0 -1.89024,0.85366,1.46341
e0 9.11701,27.10459,3.66506
a0 0.17432,0.51514,0.90723
g0 -1.82927,0.91463,1.52439
e0 9.11568,27.10367,3.69457
a0 0.17383,0.51172,0.89893
g0 -1.82927,0.79268,1.46341
e0 9.11819,27.10575,3.72305
a0 0.18652,0.51367,0.88574
g0 -1.89024,0.79268,1.46341
e0 9.12187,27.10785,3.75212
a0 0.17139,0.50879,0.90234
g0 -1.95122,0.91463,1.40244
e0 9.12406,27.10298,3.78355
a0 0.16895,0.51660,0.89893
g0 -1.82927,0.97561,1.46341
e0 9.12257,27.10242,3.81341
a0 0.16406,0.51025,0.89746
g0 -1.89024,0.85366,1.46341
e0 9.12051,27.10213,3.84312
a0 0.16943,0.51855,0.88574
g0 -1.89024,0.91463,1.46341
e0 9.11973,27.10560,3.87215
a0 0.16455,0.51807,0.88330
g0 -1.82927,0.79268,1.52439
e0 9.11719,27.10607,3.90232
a0 0.17676,0.51465,0.90039
g0 -1.82927,0.85366,1.46341
e0 9.11821,27.10466,3.93267
a0 0.17188,0.51025,0.90430
g0 -1.76829,0.85366,1.52439
e0 9.12108,27.10806,3.96200
a0 0.17334,0.51367,0.89697
g0 -1.82927,0.97561,1.46341
e0 9.12430,27.11045,3.99088
a0 0.17041,0.51514,0.90332
g0 -1.76829,0.85366,1.52439
e0 9.12227,27.11082,4.02019
a0 0.16846,0.51563,0.88867
g0 -1.82927,0.85366,1.34146
e0 9.11875,27.10911,4.04977
a0 0.17090,0.51709,0.91357
g0 -1.76829,0.85366,1.40244
e0 9.12118,27.11130,4.07949
a0 0.17188,0.50977,0.88232
g0 -1.76829,0.85366,1.40244
e0 9.12242,27.11577,4.10957
a0 0.16895,0.52002,0.90137
g0 -1.64634,0.91463,1.46341
e0 9.12026,27.11459,4.14012
a0 0.16895,0.52051,0.89160
g0 -1.89024,0.79268,1.52439
e0 9.11982,27.11765,4.16902
a0 0.17529,0.51611,0.89648
g0 -1.76829,0.85366,1.52439
e0 9.12209,27.11565,4.19900
a0 0.16650,0.51563,0.91113
g0 -1.95122,0.79268,1.52439
e0 9.12569,27.11375,4.22892
a0 0.17725,0.51563,0.90186
g0 -1.82927,0.91463,1.46341
e0 9.12654,27.11315,4.25841
a0 0.16943,0.51416,0.90820
g0 -1.76829,0.85366,1.46341
e0 9.12958,27.11035,4.28846
a0 0.17432,0.50635,0.88818
g0 -1.82927,0.79268,1.40244
e0 9.12961,27.10665,4.31842
a0 0.16602,0.51416,0.90430
g0 -1.89024,0.79268,1.46341
e0 9.12770,27.10575,4.34928
a0 0.17090,0.51807,0.88623
g0 -1.70732,0.97561,1.46341
e0 9.12502,27.10825,4.37906
a0 0.17285,0.51465,0.88525
g0 -1.76829,0.85366,1.40244
e0 9.12395,27.10847,4.40764
a0 0.17285,0.51807,0.90137
g0 -2.01220,0.79268,1.46341
e0 9.12187,27.10972,4.43575
a0 0.17334,0.50586,0.88818
g0 -1.95122,0.79268,1.40244
e0 9.12251,27.11114,4.46564
a0 0.17285,0.50977,0.88037
g0 -1.82927,0.85366,1.52439
e0 9.12507,27.10880,4.49560
a0 0.16602,0.51953,0.89014
g0 -1.76829,0.85366,1.40244
e0 9.12362,27.11165,4.52559
a0 0.17285,0.51270,0.89600
g0 -1.76829,0.85366,1.46341
e0 9.12345,27.10947,4.55577
a0 0.17139,0.52051,0.88916
g0 -1.95122,0.91463,1.46341
e0 9.12645,27.11053,4.58378
a0 0.16699,0.51172,0.90283
g0 -1.82927,0.91463,1.34146
e0 9.12377,27.10925,4.61299
a0 0.16504,0.51514,0.89502
g0 -1.76829,0.91463,1.40244
e0 9.12459,27.10701,4.64351
a0 0.17139,0.51465,0.90234
g0 -1.82927,0.79268,1.46341
e0 9.12719,27.10767,4.67333
a0 0.17334,0.52051,0.89111
g0 -1.82927,0.97561,1.46341
e0 9.12872,27.10847,4.70335
a0 0.17041,0.52002,0.89014
g0 -1.82927,0.91463,1.52439
e0 9.13229,27.11546,4.73248
a0 0.17480,0.51855,0.91162
g0 -1.89024,0.91463,1.46341
e0 9.13247,27.11323,4.76322
a0 0.18115,0.50879,0.90186
g0 -1.76829,0.85366,1.46341
e0 9.13530,27.11474,4.79217
a0 0.16895,0.51807,0.88770
g0 -1.95122,0.79268,1.40244
e0 9.13462,27.11616,4.82166
a0 0.17139,0.51172,0.89697
g0 -1.82927,0.91463,1.40244
e0 9.13519,27.11474,4.85200
a0 0.16846,0.51465,0.91016
g0 -1.82927,0.85366,1.40244
e0 9.13568,27.11496,4.88178
a0 0.17139,0.51318,0.89844
g0 -1.76829,0.73171,1.46341
e0 9.13685,27.11900,4.90999
a0 0.17969,0.51904,0.89355
g0 -1.76829,0.85366,1.40244
e0 9.13727,27.12271,4.93780
a0 0.17285,0.51074,0.89648
g0 -1.89024,0.97561,1.40244
e0 9.13666,27.11986,4.96770
a0 0.17383,0.51123,0.90137
g0 -2.01220,0.85366,1.52439
e0 9.13427,27.12290,4.99763
a0 0.17725,0.51367,0.89697
g0 -1.82927,0.91463,1.52439
e0 9.13579,27.12008,5.02840
a0 0.16699,0.51074,0.88721
g0 -1.82927,0.73171,1.46341
e0 9.13759,27.12410,5.05707
a0 0.18115,0.51660,0.89404
g0 -1.76829,0.79268,1.46341
e0 9.14184,27.12557,5.08641
a0 0.16846,0.51318,0.89697
g0 -1.76829,0.85366,1.46341
e0 9.14191,27.13173,5.11479
a0 0.17090,0.52734,0.89502
g0 -1.64634,0.85366,1.46341
e0 9.14346,27.13642,5.14433
a0 0.18262,0.51953,0.91162
g0 -1.89024,0.91463,1.46341
e0 9.14388,27.13336,5.17471
a0 0.16699,0.51758,0.89111
g0 -1.76829,0.85366,1.46341
e0 9.14353,27.13335,5.20403
a0 0.16699,0.51074,0.89404
g0 -1.95122,0.85366,1.46341
e0 9.14597,27.13109,5.23489
a0 0.17188,0.50537,0.91357
g0 -1.82927,0.85366,1.46341
e0 9.14670,27.12511,5.26444
a0 0.17090,0.51807,0.90234
g0 -1.89024,0.85366,1.46341
e0 9.14463,27.12764,5.29388
a0 0.16357,0.50977,0.89209
g0 -1.89024,0.73171,1.46341
e0 9.14309,27.12530,5.32339
a0 0.17236,0.51074,0.90039
g0 -1.89024,0.85366,1.40244
e0 9.14634,27.12750,5.35265
a0 0.17432,0.51807,0.89746
g0 -1.76829,0.85366,1.40244
e0 9.14609,27.12930,5.38215
a0 0.17334,0.51807,0.90674
g0 -1.64634,0.79268,1.40244
e0 9.14758,27.13087,5.41037
a0 0.17383,0.51855,0.89453
g0 -2.01220,0.79268,1.46341
e0 9.14866,27.13649,5.43941
a0 0.16943,0.52295,0.90234
g0 -1.82927,0.85366,1.40244
e0 9.14300,27.13150,5.46927
a0 0.16553,0.51807,0.90967
g0 -1.89024,0.91463,1.40244
e0 9.13830,27.13144,5.49851
a0 0.17773,0.51758,0.89453
g0 -1.95122,0.91463,1.40244
e0 9.13841,27.13525,5.52800
a0 0.16797,0.52246,0.89404
g0 -1.76829,0.85366,1.46341
e0 9.13708,27.13829,5.55768
a0 0.16846,0.51904,0.89697
g0 -1.70732,0.79268,1.52439
e0 9.13587,27.13765,5.58735
a0 0.16895,0.51465,0.89063
g0 -1.82927,0.91463,1.52439
e0 9.13434,27.13963,5.61691
a0 0.16504,0.51514,0.91162
g0 -1.95122,0.85366,1.40244
e0 9.13277,27.14035,5.64632
a0 0.16650,0.51123,0.89404
g0 -2.01220,0.91463,1.40244
e0 9.12955,27.14175,5.67583
a0 0.15967,0.51123,0.90234
g0 -1.82927,0.73171,1.46341
e0 9.12531,27.14285,5.70594
a0 0.17969,0.51318,0.89063
g0 -1.82927,0.85366,1.46341
e0 9.12643,27.14242,5.73616
a0 0.16748,0.51416,0.90283
g0 -1.89024,0.85366,1.52439
e0 9.12627,27.14219,5.76581
a0 0.17041,0.52246,0.88916
g0 -1.95122,0.79268,1.46341
e0 9.12739,27.13812,5.79724
a0 0.16943,0.51611,0.88721
g0 -1.95122,0.85366,1.52439
e0 9.13145,27.13778,5.82794
a0 0.17090,0.51611,0.90527
g0 -1.89024,0.97561,1.46341
e0 9.13296,27.13560,5.85959
a0 0.17822,0.51563,0.91064
g0 -1.76829,0.91463,1.52439
e0 9.13333,27.13391,5.88992
a0 0.17773,0.51660,0.89014
g0 -1.76829,0.79268,1.46341
e0 9.13340,27.13131,5.92014
a0 0.16699,0.51807,0.91699
g0 -1.89024,0.85366,1.46341
e0 9.13238,27.13188,5.95075
a0 0.16943,0.51855,0.89844
g0 -1.70732,0.91463,1.52439
e0 9.13125,27.13495,5.98071
a0 0.17334,0.51514,0.89746
g0 -1.70732,0.91463,1.46341
e0 9.13201,27.13655,6.01097
a0 0.16895,0.51660,0.89063
g0 -1.89024,1.03659,1.46341
e0 9.13365,27.14190,6.03994
a0 0.16650,0.51318,0.89502
g0 -1.70732,0.97561,1.40244
e0 9.13218,27.14227,6.06909
a0 0.17383,0.51807,0.90234
g0 -1.89024,0.85366,1.52439
e0 9.12950,27.14305,6.09980
a0 0.16699,0.51709,0.90039
g0 -1.70732,0.97561,1.46341
e0 9.12912,27.14151,6.13087
a0 0.17090,0.51318,0.90186
g0 -1.82927,0.97561,1.58537
e0 9.12702,27.13980,6.16099
a0 0.16406,0.51953,0.89746
g0 -1.76829,0.85366,1.40244
e0 9.12273,27.14066,6.19004
a0 0.17090,0.51074,0.89209
g0 -1.70732,0.97561,1.40244
e0 9.12478,27.14106,6.22069
a0 0.16455,0.51318,0.89355
g0 -1.76829,0.91463,1.46341
e0 9.12593,27.14286,6.25098
a0 0.17383,0.51758,0.89990
g0 -1.95122,0.79268,1.52439
e0 9.12735,27.14352,6.28005
a0 0.16797,0.51074,0.89697
g0 -1.89024,0.79268,1.40244
e0 9.12183,27.14035,6.31208
a0 0.16699,0.51123,0.90234
g0 -1.82927,0.97561,1.52439
e0 9.11742,27.14276,6.34260
a0 0.17334,0.51074,0.87695
g0 -1.70732,0.97561,1.46341
e0 9.11622,27.14073,6.37249
a0 0.17529,0.51367,0.89697
g0 -1.95122,0.85366,1.46341
e0 9.11621,27.14119,6.40204
a0 0.16943,0.51318,0.90430
g0 -1.89024,0.85366,1.46341
e0 9.11803,27.14178,6.43248
a0 0.17090,0.51270,0.90820
g0 -2.01220,0.91463,1.46341
e0 9.11966,27.14153,6.46276
a0 0.16455,0.51465,0.89746
g0 -1.76829,0.85366,1.52439
e0 9.11850,27.14323,6.49246
a0 0.17090,0.50732,0.90186
g0 -1.76829,0.97561,1.40244
e0 9.11707,27.13977,6.52325
a0 0.17188,0.51660,0.89063
g0 -1.95122,0.79268,1.52439
e0 9.11496,27.13590,6.55409
a0 0.16357,0.52539,0.89404
g0 -1.76829,0.97561,1.46341
e0 9.11339,27.13743,6.58345
a0 0.17090,0.51416,0.89746
g0 -1.82927,0.85366,1.46341
e0 9.11092,27.13737,6.61295
a0 0.16504,0.51563,0.89209
g0 -1.82927,0.85366,1.40244
e0 9.11000,27.13539,6.64218
a0 0.17090,0.51416,0.89502
g0 -1.82927,0.91463,1.40244
e0 9.11427,27.13693,6.67137
a0 0.16650,0.51563,0.88818
g0 -1.95122,0.67073,1.46341
e0 9.11410,27.14060,6.69942
a0 0.16846,0.51563,0.88330
g0 -1.82927,0.79268,1.40244
e0 9.11422,27.14857,6.72748
a0 0.16846,0.50928,0.90137
g0 -1.76829,0.97561,1.40244
e0 9.11178,27.15315,6.75726
a0 0.17188,0.51123,0.89209
g0 -1.89024,0.97561,1.40244
e0 9.11077,27.15052,6.78749
a0 0.17041,0.51953,0.90332
g0 -1.89024,0.85366,1.46341
e0 9.11226,27.15172,6.81868
a0 0.17334,0.50488,0.88379
g0 -1.89024,0.91463,1.52439
e0 9.11751,27.15013,6.84923
a0 0.17090,0.52344,0.89014
g0 -1.89024,0.91463,1.52439
e0 9.11677,27.15104,6.87888
a0 0.17285,0.50977,0.89893
g0 -1.76829,0.79268,1.46341
e0 9.11758,27.14194,6.91025
a0 0.17383,0.52686,0.89063
g0 -1.89024,0.85366,1.52439
e0 9.11657,27.14593,6.94043
a0 0.17432,0.51807,0.90723
g0 -1.82927,0.85366,1.52439
e0 9.11667,27.14444,6.97058
a0 0.17578,0.51270,0.90723
g0 -1.76829,0.91463,1.46341
e0 9.11885,27.13622,7.00121
a0 0.17383,0.51709,0.89160
g0 -1.95122,0.79268,1.52439
e0 9.11837,27.13721,7.03091
a0 0.16943,0.51514,0.89893
g0 -1.89024,0.85366,1.52439
e0 9.11847,27.13926,7.06034
a0 0.17139,0.51367,0.89404
g0 -1.76829,0.79268,1.46341
e0 9.11952,27.13544,7.09092
a0 0.16016,0.51074,0.89502
g0 -1.95122,0.85366,1.52439
e0 9.11780,27.13316,7.12115
a0 0.17188,0.52344,0.89209
g0 -1.82927,0.97561,1.46341
e0 9.11854,27.13342,7.15173
a0 0.16064,0.51611,0.91699
g0 -1.82927,0.91463,1.52439
e0 9.11537,27.13435,7.18062
a0 0.17090,0.52246,0.89746
g0 -1.76829,0.73171,1.46341
e0 9.11189,27.13445,7.20956
a0 0.16016,0.51074,0.90186
g0 -1.89024,0.85366,1.40244
e0 9.10885,27.13299,7.23971
a0 0.17725,0.51465,0.89746
g0 -1.95122,0.85366,1.46341
e0 9.10747,27.13321,7.26859
a0 0.17871,0.51270,0.89990
g0 -1.82927,0.85366,1.46341
e0 9.10837,27.13104,7.29800
a0 0.17041,0.51709,0.89209
g0 -1.82927,0.85366,1.46341
e0 9.10700,27.13061,7.32816
a0 0.16797,0.52539,0.89600
g0 -1.76829,0.91463,1.52439
e0 9.10652,27.13301,7.35759
a0 0.16553,0.51709,0.89941
g0 -1.89024,0.85366,1.40244
e0 9.10170,27.13473,7.38706
a0 0.17139,0.50879,0.91504
g0 -1.70732,0.97561,1.40244
e0 9.09905,27.13067,7.41789
a0 0.17188,0.51465,0.90283
g0 -1.95122,0.85366,1.46341
e0 9.10288,27.13022,7.44745
a0 0.17285,0.52539,0.89111
g0 -1.89024,0.91463,1.46341
e0 9.10706,27.13813,7.47624
a0 0.17773,0.51416,0.89600
g0 -1.82927,0.79268,1.46341
e0 9.11036,27.13645,7.50603
a0 0.16943,0.51367,0.88818
g0 -1.89024,0.91463,1.46341
e0 9.10864,27.13460,7.53614
a0 0.17334,0.51270,0.89307
g0 -1.89024,0.85366,1.40244
e0 9.11088,27.13491,7.56546
a0 0.17676,0.51318,0.88818
g0 -1.76829,0.79268,1.46341
e0 9.11511,27.13428,7.59514
a0 0.16455,0.52539,0.89893
g0 -1.95122,0.85366,1.46341
e0 9.11639,27.13161,7.62431
a0 0.17578,0.52295,0.89697
g0 -1.82927,0.91463,1.40244
e0 9.11735,27.13493,7.65260
a0 0.17383,0.51074,0.91553
g0 -1.82927,0.79268,1.46341
e0 9.12042,27.13192,7.68221
a0 0.16455,0.50488,0.89014
g0 -1.82927,0.85366,1.46341
e0 9.11993,27.12829,7.71173
a0 0.17822,0.51318,0.89355
g0 -1.95122,0.85366,1.40244
e0 9.12230,27.12924,7.74089
a0 0.17188,0.51318,0.88477
g0 -2.01220,0.85366,1.40244
e0 9.12401,27.12788,7.77141
a0 0.18018,0.51123,0.90186
g0 -1.82927,0.85366,1.58537
e0 9.12676,27.12787,7.80097
a0 0.17773,0.51465,0.89600
g0 -1.95122,0.91463,1.52439
e0 9.13202,27.12934,7.83117
a0 0.16504,0.51709,0.89453
g0 -1.82927,0.97561,1.40244
e0 9.13266,27.12743,7.86135
a0 0.17334,0.51318,0.89893
g0 -1.82927,0.79268,1.46341
e0 9.13602,27.12681,7.89156
a0 0.17676,0.50977,0.87646
g0 -1.82927,0.91463,1.58537
e0 9.13935,27.12906,7.92099
a0 0.16553,0.52344,0.88867
g0 -1.76829,0.79268,1.46341
e0 9.13998,27.13024,7.94941
a0 0.17871,0.51318,0.89014
g0 -1.76829,0.79268,1.46341
e0 9.14108,27.13051,7.98034
a0 0.16602,0.51660,0.90234
g0 -1.82927,0.97561,1.46341
e0 9.14042,27.13276,8.00920
a0 0.18018,0.51855,0.90430
g0 -1.76829,0.79268,1.34146
e0 9.14280,27.13534,8.03840
a0 0.17383,0.51465,0.90137
g0 -1.89024,0.79268,1.46341
e0 9.14669,27.13354,8.06856
a0 0.16357,0.51611,0.90723
g0 -1.82927,0.91463,1.46341
e0 9.14662,27.13679,8.09797
a0 0.17139,0.51465,0.89990
g0 -1.82927,0.85366,1.40244
e0 9.14500,27.13913,8.12839
a0 0.16699,0.51758,0.91504
g0 -1.76829,0.91463,1.52439
e0 9.14389,27.13450,8.15837
a0 0.17969,0.51172,0.91260
g0 -1.89024,0.85366,1.46341
e0 9.14425,27.12966,8.18884
a0 0.17285,0.51660,0.88770
g0 -1.82927,0.79268,1.52439
e0 9.14502,27.13025,8.21844
a0 0.16602,0.51270,0.90186
g0 -1.76829,0.97561,1.40244
e0 9.14354,27.12833,8.24909
a0 0.16553,0.51611,0.88623
g0 -2.01220,0.85366,1.46341
e0 9.13855,27.12997,8.27823
a0 0.16650,0.51367,0.89990
g0 -1.76829,0.91463,1.40244
e0 9.13990,27.12666,8.30778
a0 0.16797,0.51172,0.88281
g0 -1.70732,0.79268,1.46341
e0 9.14165,27.13318,8.33664
a0 0.16602,0.52148,0.89014
g0 -1.70732,0.73171,1.46341
e0 9.14097,27.13757,8.36517
a0 0.17383,0.51416,0.89844
g0 -1.89024,0.91463,1.52439
e0 9.14300,27.13403,8.39552
a0 0.16943,0.51904,0.88525
g0 -1.76829,0.91463,1.40244
e0 9.14587,27.13718,8.42491
a0 0.17285,0.51514,0.89844
g0 -1.95122,0.85366,1.52439
e0 9.14585,27.13574,8.45611
a0 0.17285,0.52148,0.89355
g0 -1.89024,1.03659,1.52439
e0 9.14504,27.13596,8.48513
a0 0.16455,0.50635,0.90527
g0 -1.89024,0.67073,1.46341
e0 9.14580,27.13443,8.51421
a0 0.17871,0.51416,0.90869
g0 -1.89024,0.91463,1.40244
e0 9.14980,27.13520,8.54320
a0 0.17090,0.51172,0.89307
g0 -1.82927,0.85366,1.46341
e0 9.15233,27.13400,8.57235
a0 0.17334,0.52441,0.89502
g0 -1.89024,0.85366,1.40244
e0 9.15655,27.13472,8.60219
a0 0.18115,0.50928,0.90186
g0 -1.95122,0.85366,1.52439
e0 9.15638,27.13632,8.63193
a0 0.16797,0.51270,0.89453
g0 -1.89024,0.85366,1.46341
e0 9.15532,27.13619,8.66187
a0 0.17139,0.52637,0.90820
g0 -1.89024,0.91463,1.46341
e0 9.15336,27.13678,8.69150
a0 0.17188,0.50684,0.91260
g0 -1.82927,0.85366,1.46341
e0 9.15461,27.13147,8.72178
a0 0.17236,0.52002,0.89697
g0 -1.82927,0.85366,1.40244
e0 9.15455,27.13005,8.75132
a0 0.16797,0.52295,0.91064
g0 -1.89024,0.73171,1.46341
e0 9.15823,27.12889,8.78100
a0 0.17822,0.51514,0.89502
g0 -1.89024,0.85366,1.52439
e0 9.15905,27.12998,8.81108
a0 0.17236,0.51025,0.90234
g0 -1.95122,0.91463,1.52439
e0 9.15942,27.12616,8.84128
a0 0.16162,0.52197,0.89648
g0 -1.76829,0.85366,1.52439
e0 9.15469,27.12764,8.87037
a0 0.15674,0.52051,0.90234
g0 -1.82927,0.91463,1.34146
e0 9.14948,27.12846,8.89871
a0 0.17383,0.51855,0.89844
g0 -1.95122,0.85366,1.46341
e0 9.14726,27.12902,8.92807
a0 0.17236,0.51709,0.89600
g0 -1.89024,0.73171,1.52439
e0 9.14614,27.12663,8.95774
a0 0.16943,0.51514,0.90039
g0 -1.76829,0.79268,1.46341
e0 9.14241,27.13014,8.98672
a0 0.16895,0.51270,0.90820
g0 -1.76829,0.97561,1.40244
e0 9.14160,27.12699,9.01759
a0 0.17871,0.51563,0.89893
g0 -1.82927,0.73171,1.52439
e0 9.14314,27.12555,9.04684
a0 0.16797,0.51025,0.88525
g0 -1.70732,0.79268,1.40244
e0 9.14838,27.12675,9.07543
a0 0.16846,0.51270,0.89307
g0 -1.95122,0.85366,1.52439
e0 9.14761,27.12868,9.10603
a0 0.17578,0.52002,0.87891
g0 -1.82927,0.91463,1.52439
e0 9.14893,27.13251,9.13581
a0 0.17285,0.51563,0.90479
g0 -1.82927,0.97561,1.52439
e0 9.15010,27.13420,9.16498
a0 0.17090,0.51514,0.89404
g0 -1.70732,0.79268,1.40244
e0 9.15077,27.13821,9.19388
a0 0.16748,0.51855,0.91016
g0 -1.89024,0.91463,1.40244
e0 9.15000,27.13740,9.22374
a0 0.16846,0.51270,0.87939
g0 -1.95122,0.91463,1.46341
e0 9.14824,27.13858,9.25297
a0 0.16748,0.51123,0.89600
g0 -1.95122,0.79268,1.46341
e0 9.14716,27.13875,9.28233
a0 0.17285,0.51025,0.88818
g0 -1.82927,0.85366,1.46341
e0 9.14707,27.14193,9.30992
a0 0.17578,0.50684,0.87891
g0 -1.64634,0.85366,1.34146
e0 9.14748,27.14183,9.33647
a0 0.16406,0.51318,0.90479
g0 -1.82927,0.85366,1.15854
e0 9.13993,27.14697,9.36228
a0 0.16895,0.51758,0.89502
g0 -1.76829,0.97561,1.15854
e0 9.13548,27.14842,9.38993
a0 0.17432,0.51367,0.89404
g0 -1.76829,0.97561,1.34146
e0 9.13675,27.15236,9.41724
a0 0.17676,0.51660,0.90820
g0 -1.89024,0.79268,1.34146
e0 9.13916,27.15022,9.44577
a0 0.17285,0.51563,0.90869
g0 -1.76829,0.85366,1.40244
e0 9.13842,27.14985,9.47340
a0 0.17139,0.51416,0.90723
g0 -1.76829,0.79268,1.34146
e0 9.13655,27.14907,9.50252
a0 0.16895,0.51074,0.90039
g0 -1.76829,0.85366,1.40244
e0 9.13685,27.15047,9.52943
a0 0.17529,0.51270,0.89307
g0 -1.82927,0.85366,1.21951
e0 9.13371,27.15597,9.55186
a0 0.16895,0.50977,0.89111
